Frame,Total,Car,Bike,Bus,Truck
1,21,14,4,0,3
2,16,14,0,0,2
3,18,15,1,0,2
4,18,15,1,0,2
5,18,15,0,1,2
6,17,14,0,0,3
7,18,15,1,0,2
8,18,15,1,0,2
9,18,15,0,0,3
10,19,15,1,0,3
11,19,15,1,0,3
12,19,15,1,0,3
13,20,15,2,0,3
14,19,15,1,0,3
15,19,15,1,0,3
16,19,15,1,0,3
17,19,15,1,0,3
18,18,15,0,0,3
19,18,15,0,0,3
20,17,14,0,0,3
21,18,14,0,0,4
22,18,15,0,0,3
23,18,14,0,0,4
24,16,12,0,1,3
25,16,13,0,0,3
26,18,15,0,0,3
27,18,15,0,0,3
28,18,15,0,0,3
29,17,13,0,1,3
30,17,14,0,0,3
31,18,14,1,0,3
32,18,14,1,0,3
33,17,14,0,0,3
34,19,15,0,0,4
35,18,15,0,0,3
36,19,16,0,1,2
37,19,16,0,1,2
38,17,14,0,1,2
39,15,13,0,0,2
40,15,13,0,0,2
41,16,13,0,0,3
42,17,14,0,0,3
43,16,13,0,0,3
44,16,13,0,0,3
45,16,13,0,0,3
46,16,12,0,1,3
47,16,12,0,0,4
48,16,13,0,1,2
49,16,12,0,0,4
50,17,12,1,0,4
51,18,13,1,0,4
52,18,13,1,1,3
53,18,13,1,0,4
54,18,13,1,0,4
55,17,13,0,0,4
56,18,14,0,0,4
57,18,14,1,0,3
58,20,15,2,0,3
59,18,14,1,0,3
60,17,13,1,0,3
61,16,13,0,0,3
62,14,12,0,0,2
63,15,13,0,0,2
64,16,13,1,0,2
65,15,12,1,0,2
66,15,12,1,0,2
67,14,12,0,0,2
68,15,13,0,0,2
69,17,15,0,0,2
70,17,15,0,0,2
71,16,14,0,0,2
72,18,15,1,0,2
73,16,14,0,0,2
74,17,15,0,0,2
75,19,15,2,0,2
76,17,14,1,0,2
77,16,13,1,0,2
78,16,13,1,0,2
79,15,12,1,0,2
80,16,13,1,0,2
81,16,13,1,0,2
82,16,13,1,0,2
83,17,14,1,0,2
84,18,15,1,0,2
85,15,13,0,0,2
86,17,14,1,0,2
87,16,13,1,0,2
88,16,13,1,0,2
89,15,12,1,0,2
90,16,14,0,0,2
91,17,14,1,0,2
92,18,15,1,0,2
93,19,16,1,0,2
94,18,15,1,0,2
95,19,15,2,0,2
96,20,16,2,0,2
97,19,15,2,0,2
98,19,15,2,0,2
99,19,15,2,0,2
100,18,14,2,0,2
101,17,13,2,0,2
102,17,13,2,0,2
103,18,13,2,0,3
104,19,14,2,0,3
105,17,12,2,0,3
106,16,12,1,0,3
107,17,11,2,0,4
108,17,12,2,0,3
109,17,12,2,0,3
110,18,12,2,0,4
111,19,13,2,0,4
112,20,14,2,0,4
113,20,14,2,0,4
114,20,14,2,0,4
115,21,14,3,0,4
116,20,14,2,0,4
117,19,14,1,0,4
118,20,14,2,0,4
119,19,13,2,0,4
120,19,12,2,0,5
121,20,13,2,0,5
122,17,12,2,0,3
123,19,14,2,0,3
124,20,15,2,0,3
125,20,15,2,0,3
126,19,14,2,0,3
127,19,15,2,0,2
128,22,16,2,0,4
129,19,14,2,0,3
130,18,13,2,0,3
131,18,13,2,0,3
132,17,12,2,0,3
133,20,15,2,0,3
134,20,14,2,0,4
135,20,14,2,0,4
136,18,13,2,0,3
137,17,11,2,1,3
138,19,13,2,1,3
139,15,10,2,0,3
140,15,9,2,1,3
141,15,9,2,1,3
142,17,10,2,1,4
143,16,10,2,1,3
144,16,10,2,1,3
145,15,10,1,1,3
146,16,10,2,1,3
147,16,10,2,1,3
148,13,10,0,0,3
149,15,11,1,0,3
150,16,12,0,1,3
151,13,10,0,1,2
152,17,12,1,1,3
153,14,10,0,1,3
154,15,11,0,1,3
155,15,11,1,0,3
156,14,10,1,0,3
157,13,10,0,0,3
158,14,10,0,0,4
159,14,10,0,0,4
160,15,10,1,0,4
161,16,10,1,0,5
162,17,11,1,0,5
163,17,12,0,0,5
164,17,12,0,0,5
165,16,11,0,0,5
166,14,10,0,0,4
167,13,10,0,0,3
168,14,10,0,0,4
169,15,11,0,0,4
170,13,10,0,0,3
171,14,10,0,0,4
172,14,9,0,1,4
173,14,9,0,0,5
174,13,8,0,0,5
175,13,9,0,0,4
176,13,8,0,0,5
177,14,9,0,0,5
178,16,13,0,0,3
179,16,13,0,0,3
180,16,12,0,0,4
181,17,12,0,1,4
182,17,14,0,1,2
183,17,13,0,1,3
184,17,13,0,1,3
185,17,13,0,0,4
186,17,13,0,1,3
187,17,12,0,1,4
188,17,12,0,1,4
189,16,12,0,0,4
190,14,10,0,0,4
191,13,11,0,0,2
192,17,13,0,1,3
193,17,12,0,1,4
194,16,12,0,1,3
195,15,10,0,1,4
196,18,12,0,3,3
197,17,13,0,1,3
198,16,12,0,0,4
199,15,11,0,0,4
200,13,10,0,0,3
201,12,8,0,0,4
202,13,9,0,0,4
203,13,9,0,0,4
204,14,11,0,0,3
205,14,11,0,0,3
206,13,9,0,0,4
207,15,12,0,0,3
208,16,12,0,0,4
209,16,13,0,0,3
210,14,12,0,0,2
211,15,12,0,0,3
212,16,12,0,0,4
213,15,12,0,0,3
214,15,12,0,0,3
215,15,12,0,0,3
216,15,12,0,0,3
217,16,12,0,1,3
218,13,11,0,0,2
219,16,13,0,1,2
220,17,13,0,2,2
221,17,13,0,3,1
222,17,13,1,2,1
223,16,13,0,1,2
224,15,13,0,1,1
225,16,12,0,3,1
226,18,14,0,3,1
227,17,14,0,2,1
228,14,12,0,1,1
229,14,13,0,0,1
230,14,12,0,1,1
231,12,11,0,0,1
232,13,11,0,1,1
233,14,12,0,1,1
234,12,11,0,0,1
235,18,14,1,1,2
236,16,14,1,0,1
237,16,13,1,1,1
238,15,13,1,0,1
239,15,12,1,0,2
240,16,12,2,0,2
241,15,12,2,0,1
242,14,12,1,0,1
243,15,13,1,0,1
244,14,12,1,0,1
245,12,11,0,0,1
246,12,11,0,0,1
247,12,11,0,0,1
248,12,11,0,0,1
249,12,11,0,0,1
250,12,10,0,1,1
251,12,11,0,0,1
252,12,11,0,0,1
253,11,10,0,0,1
254,11,10,0,0,1
255,12,10,1,0,1
256,12,10,1,0,1
257,13,11,1,0,1
258,12,10,1,0,1
259,13,11,1,0,1
260,13,11,1,0,1
261,13,11,1,0,1
262,13,11,1,0,1
263,13,11,1,0,1
264,12,10,1,0,1
265,13,10,1,1,1
266,14,11,1,1,1
267,13,10,1,1,1
268,15,11,2,1,1
269,14,11,1,1,1
270,13,10,1,1,1
271,15,12,1,1,1
272,15,12,1,1,1
273,16,12,1,2,1
274,16,11,1,3,1
275,15,11,1,2,1
276,16,12,1,2,1
277,17,13,1,2,1
278,16,12,1,2,1
279,16,13,1,1,1
280,15,12,1,1,1
281,17,12,2,2,1
282,17,11,2,3,1
283,16,12,2,1,1
284,17,13,2,1,1
285,16,11,2,2,1
286,17,13,2,1,1
287,15,10,2,2,1
288,15,10,2,2,1
289,17,11,2,3,1
290,16,11,2,2,1
291,15,11,1,2,1
292,15,11,2,1,1
293,15,10,2,1,2
294,18,12,3,1,2
295,19,13,3,1,2
296,18,11,3,2,2
297,20,12,3,3,2
298,19,12,3,2,2
299,15,11,2,1,1
300,15,11,2,1,1
